0	1e-05	7.07107e-06	1
0.1	1.07327e-05	7.58916e-06	0.997505
0.2	1.15191e-05	8.14522e-06	0.990083
0.3	1.23631e-05	8.74201e-06	0.977914
0.4	1.32689e-05	9.38254e-06	0.961291
0.5	1.42411e-05	1.007e-05	0.940598
0.6	1.52846e-05	1.08078e-05	0.91629
0.7	1.64045e-05	1.15997e-05	0.888872
0.8	1.76064e-05	1.24496e-05	0.858876
0.9	1.88964e-05	1.33618e-05	0.826838
1	2.0281e-05	1.43408e-05	0.793278
1.1	2.17669e-05	1.53915e-05	0.75869
1.2	2.33618e-05	1.65193e-05	0.723523
1.3	2.50735e-05	1.77296e-05	0.688183
1.4	2.69106e-05	1.90287e-05	0.65302
1.5	2.88823e-05	2.04229e-05	0.618333
1.6	3.09985e-05	2.19193e-05	0.584369
1.7	3.32698e-05	2.35253e-05	0.551328
1.8	3.57075e-05	2.5249e-05	0.519365
1.9	3.83237e-05	2.7099e-05	0.488594
2	4.11317e-05	2.90845e-05	0.459098
2.1	4.41454e-05	3.12155e-05	0.430928
2.2	4.73799e-05	3.35027e-05	0.40411
2.3	5.08514e-05	3.59574e-05	0.378651
2.4	5.45773e-05	3.8592e-05	0.354542
2.5	5.85761e-05	4.14196e-05	0.331759
2.6	6.2868e-05	4.44544e-05	0.310269
2.7	6.74743e-05	4.77115e-05	0.290031
2.8	7.24181e-05	5.12073e-05	0.270999
2.9	7.77242e-05	5.49593e-05	0.253123
3	8.3419e-05	5.89861e-05	0.23635
3.1	8.95311e-05	6.3308e-05	0.220627
3.2	9.6091e-05	6.79466e-05	0.2059
3.3	0.000103132	7.2925e-05	0.192115
3.4	0.000110688	7.82682e-05	0.179219
3.5	0.000118798	8.40029e-05	0.167163
3.6	0.000127502	9.01577e-05	0.155896
3.7	0.000136844	9.67635e-05	0.14537
3.8	0.000146871	0.000103853	0.135541
3.9	0.000157632	0.000111463	0.126364
4	0.000169182	0.000119629	0.1178
4.1	0.000181577	0.000128395	0.109808
4.2	0.000194882	0.000137802	0.102353
4.3	0.000209161	0.000147899	0.0953983
4.4	0.000224486	0.000158735	0.0889123
4.5	0.000240934	0.000170366	0.082864
4.6	0.000258587	0.000182848	0.0772245
4.7	0.000277533	0.000196246	0.0719667
4.8	0.000297868	0.000210624	0.0670651
4.9	0.000319693	0.000226057	0.0624959
5	0.000343116	0.00024262	0.0582369
5.1	0.000368256	0.000260397	0.0542672
5.2	0.000395238	0.000279476	0.0505674
5.3	0.000424197	0.000299953	0.0471192
5.4	0.000455278	0.00032193	0.0439057
5.5	0.000488636	0.000345518	0.0409109
5.6	0.000524438	0.000370834	0.0381201
5.7	0.000562864	0.000398005	0.0355194
5.8	0.000604105	0.000427166	0.0330959
5.9	0.000648367	0.000458465	0.0308376
6	0.000695873	0.000492056	0.0287333
6.1	0.000746859	0.000528109	0.0267724
6.2	0.000801581	0.000566803	0.0249453
6.3	0.000860312	0.000608333	0.0232428
6.4	0.000923347	0.000652905	0.0216564
6.5	0.000991	0.000700743	0.0201783
6.6	0.00106361	0.000752086	0.018801
6.7	0.00114154	0.000807191	0.0175177
6.8	0.00122518	0.000866333	0.0163219
6.9	0.00131495	0.000929809	0.0152078
7	0.0014113	0.000997935	0.0141697
7.1	0.0015147	0.00107105	0.0132024
7.2	0.00162568	0.00114953	0.0123012
7.3	0.00174479	0.00123375	0.0114615
7.4	0.00187263	0.00132415	0.010679
7.5	0.00200984	0.00142117	0.00995004
7.6	0.0021571	0.0015253	0.0092708
7.7	0.00231515	0.00163705	0.00863792
7.8	0.00248478	0.001757	0.00804824
7.9	0.00266684	0.00188573	0.00749881
8	0.00286224	0.0020239	0.00698689
8.1	0.00307195	0.00217219	0.00650992
8.2	0.00329703	0.00233134	0.0060655
8.3	0.0035386	0.00250215	0.00565143
8.4	0.00379787	0.00268548	0.00526562
8.5	0.00407614	0.00288224	0.00490615
8.6	0.00437479	0.00309341	0.00457121
8.7	0.00469533	0.00332006	0.00425915
8.8	0.00503935	0.00356331	0.00396838
8.9	0.00540857	0.00382438	0.00369747
9	0.00580485	0.00410458	0.00344505
9.1	0.00623016	0.0044053	0.00320986
9.2	0.00668663	0.00472806	0.00299073
9.3	0.00717655	0.00507445	0.00278656
9.4	0.00770236	0.00544623	0.00259633
9.5	0.00826669	0.00584523	0.00241908
9.6	0.00887236	0.00627346	0.00225393
9.7	0.0095224	0.00673305	0.00210006
9.8	0.0102201	0.00722631	0.00195669
9.9	0.0109688	0.00775568	0.00182311
10	0.0117725	0.00832382	0.00169865
10.1	0.012635	0.00893357	0.00158269
10.2	0.0135607	0.00958795	0.00147464
10.3	0.0145541	0.0102902	0.00137397
10.4	0.0156204	0.0110439	0.00128017
10.5	0.0167647	0.0118528	0.00119277
10.6	0.0179929	0.0127208	0.00111134
10.7	0.019311	0.0136524	0.00103547
10.8	0.0207256	0.0146521	0.000964784
10.9	0.0222438	0.0157248	0.00089892
11	0.0238731	0.016876	0.000837552
11.1	0.0256218	0.0181114	0.000780373
11.2	0.0274984	0.0194369	0.000727098
11.3	0.0295123	0.0208593	0.00067746
11.4	0.0316736	0.0223854	0.000631211
11.5	0.033993	0.0240228	0.000588119
11.6	0.0364821	0.0257796	0.000547969
11.7	0.0391531	0.0276642	0.00051056
11.8	0.0420194	0.029686	0.000475705
11.9	0.0450951	0.0318546	0.000443229
12	0.0483955	0.0341807	0.000412971
12.1	0.0519368	0.0366753	0.000384778
12.2	0.0557365	0.0393504	0.000358509
12.3	0.0598132	0.0422186	0.000334035
12.4	0.064187	0.0452934	0.00031123
12.5	0.0688791	0.0485892	0.000289983
12.6	0.0739126	0.0521211	0.000270186
12.7	0.0793116	0.0559051	0.000251741
12.8	0.0851024	0.0599582	0.000234555
12.9	0.0913127	0.064298	0.000218542
13	0.097972	0.0689434	0.000203623
13.1	0.105112	0.0739136	0.000189722
13.2	0.112766	0.079229	0.00017677
13.3	0.12097	0.0849103	0.000164702
13.4	0.129761	0.090979	0.000153458
13.5	0.139179	0.0974565	0.000142982
13.6	0.149266	0.104365	0.00013322
13.7	0.160067	0.111725	0.000124126
13.8	0.171627	0.119558	0.000115652
13.9	0.183994	0.127882	0.000107756
14	0.19722	0.136716	0.0001004
14.1	0.211355	0.146074	9.35459e-05
14.2	0.226452	0.155966	8.71596e-05
14.3	0.242566	0.166397	8.12094e-05
14.4	0.259749	0.177366	7.56653e-05
14.5	0.278056	0.188861	7.04998e-05
14.6	0.297538	0.200862	6.56868e-05
14.7	0.318244	0.213332	6.12025e-05
14.8	0.340218	0.226219	5.70243e-05
14.9	0.363499	0.239449	5.31313e-05
15	0.388116	0.252925	4.95041e-05
15.1	0.414088	0.26652	4.61245e-05
15.2	0.441419	0.280073	4.29757e-05
15.3	0.470095	0.293385	4.00418e-05
15.4	0.50008	0.306216	3.73082e-05
15.5	0.531313	0.318276	3.47612e-05
15.6	0.563699	0.329228	3.23881e-05
15.7	0.597109	0.338683	3.0177e-05
15.8	0.631372	0.346205	2.81169e-05
15.9	0.66627	0.351315	2.61974e-05
16	0.701538	0.353501	2.44089e-05
16.1	0.736856	0.352236	2.27426e-05
16.2	0.771852	0.346997	2.119e-05
16.3	0.806106	0.337296	1.97434e-05
16.4	0.839148	0.322716	1.83955e-05
16.5	0.870474	0.302943	1.71397e-05
16.6	0.899555	0.277815	1.59696e-05
16.7	0.925855	0.247349	1.48794e-05
16.8	0.948849	0.211779	1.38636e-05
16.9	0.968049	0.171568	1.29171e-05
17	0.983023	0.127411	1.20353e-05
17.1	0.993421	0.0802128	1.12136e-05
17.2	0.998991	0.0310524	1.04481e-05
17.3	0.999596	-0.0188767	9.73483e-06
17.4	0.995221	-0.0683348	9.07025e-06
17.5	0.985975	-0.116111	8.45104e-06
17.6	0.972083	-0.161092	7.8741e-06
17.7	0.953873	-0.202328	7.33654e-06
17.8	0.931759	-0.239071	6.83569e-06
17.9	0.90622	-0.270801	6.36902e-06
18	0.877771	-0.297231	5.93422e-06
18.1	0.846948	-0.318293	5.5291e-06
18.2	0.814284	-0.334109	5.15164e-06
18.3	0.78029	-0.34496	4.79994e-06
18.4	0.745443	-0.351241	4.47226e-06
18.5	0.710178	-0.353426	4.16694e-06
18.6	0.674877	-0.352032	3.88247e-06
18.7	0.639873	-0.347587	3.61742e-06
18.8	0.605444	-0.340609	3.37046e-06
18.9	0.57182	-0.331584	3.14037e-06
19	0.539181	-0.320961	2.92598e-06
19.1	0.507668	-0.30914	2.72623e-06
19.2	0.477381	-0.29647	2.54011e-06
19.3	0.448392	-0.283251	2.3667e-06
19.4	0.420741	-0.269737	2.20513e-06
19.5	0.394448	-0.256135	2.05459e-06
19.6	0.369511	-0.242616	1.91432e-06
19.7	0.345917	-0.229314	1.78364e-06
19.8	0.323638	-0.216332	1.66187e-06
19.9	0.302637	-0.203751	1.54842e-06
20	0.282872	-0.191628	1.44271e-06
20.1	0.264294	-0.180001	1.34422e-06
20.2	0.246854	-0.168896	1.25245e-06
20.3	0.230497	-0.158327	1.16695e-06
20.4	0.21517	-0.148295	1.08728e-06
20.5	0.20082	-0.138799	1.01305e-06
20.6	0.187392	-0.129829	9.43893e-07
20.7	0.174837	-0.121371	8.79455e-07
20.8	0.163102	-0.113408	8.19416e-07
20.9	0.152139	-0.105922	7.63476e-07
21	0.141902	-0.0988912	7.11354e-07
21.1	0.132346	-0.0922955	6.62791e-07
21.2	0.123429	-0.0861128	6.17543e-07
21.3	0.11511	-0.0803213	5.75385e-07
21.4	0.107352	-0.0748996	5.36104e-07
21.5	0.100118	-0.0698265	4.99505e-07
21.6	0.0933753	-0.0650816	4.65404e-07
21.7	0.0870914	-0.0606452	4.33632e-07
21.8	0.0812365	-0.0564983	4.04028e-07
21.9	0.0757825	-0.0526227	3.76446e-07
22	0.0707033	-0.0490013	3.50747e-07
22.1	0.0659742	-0.0456177	3.26802e-07
22.2	0.0615722	-0.0424562	3.04491e-07
22.3	0.0574759	-0.0395023	2.83704e-07
22.4	0.0536652	-0.036742	2.64336e-07
22.5	0.0501214	-0.0341624	2.4629e-07
22.6	0.046827	-0.031751	2.29476e-07
22.7	0.0437658	-0.0294964	2.1381e-07
22.8	0.0409228	-0.0273876	1.99214e-07
22.9	0.0382837	-0.0254145	1.85614e-07
23	0.0358356	-0.0235673	1.72942e-07
23.1	0.0335663	-0.0218371	1.61136e-07
23.2	0.0314645	-0.0202155	1.50135e-07
23.3	0.0295198	-0.0186943	1.39886e-07
23.4	0.0277224	-0.0172662	1.30336e-07
23.5	0.0260636	-0.015924	1.21438e-07
23.6	0.0245349	-0.0146612	1.13148e-07
23.7	0.0231289	-0.0134714	1.05423e-07
23.8	0.0218384	-0.0123488	9.82261e-08
23.9	0.020657	-0.0112878	9.15203e-08
24	0.0195789	-0.0102831	8.52724e-08
24.1	0.0185986	-0.00932977	7.94509e-08
24.2	0.0177113	-0.00842299	7.40269e-08
24.3	0.0169126	-0.00755826	6.89732e-08
24.4	0.0161984	-0.00673127	6.42645e-08
24.5	0.0155652	-0.00593791	5.98773e-08
24.6	0.0150098	-0.0051742	5.57895e-08
24.7	0.0145295	-0.00443634	5.19809e-08
24.8	0.0141218	-0.00372065	4.84322e-08
24.9	0.0137847	-0.00302355	4.51258e-08
25	0.0135165	-0.00234155	4.20451e-08
25.1	0.0133159	-0.00167126	3.91748e-08
25.2	0.013182	-0.00100932	3.65004e-08
25.3	0.0131139	-0.000352421	3.40085e-08
25.4	0.0131114	0.000302713	3.16868e-08
25.5	0.0131745	0.000959359	2.95236e-08
25.6	0.0133034	0.0016208	2.75081e-08
25.7	0.0134989	0.00229033	2.56301e-08
25.8	0.0137618	0.00297131	2.38804e-08
25.9	0.0140936	0.00366713	2.22501e-08
26	0.0144958	0.00438127	2.07311e-08
26.1	0.0149705	0.0051173	1.93159e-08
26.2	0.0155201	0.00587889	1.79972e-08
26.3	0.0161473	0.00666984	1.67685e-08
26.4	0.0168551	0.00749411	1.56238e-08
26.5	0.0176473	0.00835579	1.45572e-08
26.6	0.0185277	0.00925918	1.35634e-08
26.7	0.0195006	0.0102088	1.26374e-08
26.8	0.0205711	0.0112094	1.17747e-08
26.9	0.0217443	0.0122658	1.09708e-08
27	0.0230262	0.0133835	1.02219e-08
27.1	0.0244232	0.0145679	9.52404e-09
27.2	0.0259422	0.0158249	8.87385e-09
27.3	0.0275908	0.0171607	8.26804e-09
27.4	0.0293771	0.018582	7.7036e-09
27.5	0.0313102	0.0200958	7.17768e-09
27.6	0.0333996	0.0217094	6.68767e-09
27.7	0.0356556	0.023431	6.23111e-09
27.8	0.0380896	0.0252688	5.80573e-09
27.9	0.0407135	0.0272319	5.40938e-09
28	0.0435404	0.0293299	5.04009e-09
28.1	0.0465842	0.0315729	4.69601e-09
28.2	0.04986	0.0339717	4.37542e-09
28.3	0.053384	0.036538	4.07671e-09
28.4	0.0571735	0.0392838	3.7984e-09
28.5	0.0612471	0.0422223	3.53909e-09
28.6	0.0656247	0.0453672	3.29748e-09
28.7	0.0703278	0.0487332	3.07237e-09
28.8	0.0753791	0.0523357	2.86262e-09
28.9	0.0808032	0.0561909	2.66719e-09
29	0.0866262	0.0603162	2.48511e-09
29.1	0.0928759	0.0647296	2.31545e-09
29.2	0.0995821	0.0694499	2.15738e-09
29.3	0.106777	0.0744968	2.0101e-09
29.4	0.114493	0.0798908	1.87287e-09
29.5	0.122767	0.0856529	1.74501e-09
29.6	0.131636	0.0918045	1.62589e-09
29.7	0.141141	0.0983674	1.51489e-09
29.8	0.151324	0.105363	1.41147e-09
29.9	0.162229	0.112814	1.31511e-09
30	0.173902	0.120739	1.22533e-09
30.1	0.186393	0.129158	1.14168e-09
30.2	0.199751	0.138088	1.06374e-09
30.3	0.214027	0.147542	9.91117e-10
30.4	0.229277	0.157532	9.23455e-10
30.5	0.245552	0.16806	8.60412e-10
30.6	0.262906	0.179123	8.01673e-10
30.7	0.281393	0.19071	7.46944e-10
30.8	0.301064	0.202795	6.95951e-10
30.9	0.321968	0.215342	6.4844e-10
31	0.344146	0.228295	6.04171e-10
31.1	0.367637	0.241575	5.62926e-10
31.2	0.392469	0.255081	5.24495e-10
31.3	0.418657	0.268681	4.88689e-10
31.4	0.446203	0.282208	4.55327e-10
31.5	0.475089	0.295457	4.24242e-10
31.6	0.505277	0.308179	3.9528e-10
31.7	0.536698	0.320077	3.68295e-10
31.8	0.569254	0.330805	3.43152e-10
31.9	0.602807	0.339967	3.19725e-10
32	0.637181	0.347119	2.97898e-10
32.1	0.672149	0.351776	2.77561e-10
32.2	0.707436	0.353423	2.58612e-10
32.3	0.742716	0.351531	2.40957e-10
32.4	0.777607	0.345582	2.24507e-10
32.5	0.81168	0.335098	2.09181e-10
32.6	0.844461	0.319676	1.949e-10
32.7	0.875439	0.299026	1.81595e-10
32.8	0.904084	0.273012	1.69197e-10
32.9	0.92986	0.241687	1.57647e-10
33	0.952248	0.205321	1.46884e-10
33.1	0.970766	0.164416	1.36857e-10
33.2	0.984996	0.119704	1.27514e-10
33.3	0.994602	0.0721214	1.18808e-10
33.4	0.999351	0.0227696	1.10698e-10
33.5	0.999127	-0.0271459	1.0314e-10
33.6	0.993935	-0.0763856	9.60991e-11
33.7	0.983903	-0.123751	8.95386e-11
33.8	0.969274	-0.168153	8.34259e-11
33.9	0.950393	-0.208673	7.77306e-11
34	0.927685	-0.2446	7.2424e-11
34.1	0.901636	-0.275454	6.74797e-11
34.2	0.872767	-0.300984	6.2873e-11
34.3	0.841614	-0.321156	5.85807e-11
34.4	0.808707	-0.336122	5.45815e-11
34.5	0.774552	-0.346183	5.08553e-11
34.6	0.739619	-0.35175	4.73835e-11
34.7	0.704335	-0.353307	4.41487e-11
34.8	0.669074	-0.351373	4.11347e-11
34.9	0.634159	-0.346476	3.83265e-11
35	0.599861	-0.339128	3.571e-11
35.1	0.566399	-0.329812	3.32721e-11
35.2	0.533949	-0.318967	3.10007e-11
35.3	0.502644	-0.306984	2.88843e-11
35.4	0.472579	-0.294205	2.69124e-11
35.5	0.44382	-0.280923	2.50752e-11
35.6	0.416403	-0.267381	2.33633e-11
35.7	0.390345	-0.253782	2.17683e-11
35.8	0.365643	-0.24029	2.02822e-11
35.9	0.342279	-0.227032	1.88976e-11
36	0.320225	-0.21411	1.76075e-11
36.1	0.299443	-0.201598	1.64054e-11
36.2	0.27989	-0.18955	1.52855e-11
36.3	0.261516	-0.178004	1.4242e-11
36.4	0.244271	-0.166981	1.32697e-11
36.5	0.228102	-0.156493	1.23638e-11
36.6	0.212955	-0.146543	1.15197e-11
36.7	0.198775	-0.137126	1.07333e-11
36.8	0.185512	-0.128232	1.00005e-11
36.9	0.173112	-0.119847	9.31781e-12
37	0.161526	-0.111952	8.6817e-12
37.1	0.150705	-0.10453	8.08901e-12
37.2	0.140604	-0.097559	7.53679e-12
37.3	0.131179	-0.091018	7.02226e-12
37.4	0.122387	-0.0848851	6.54286e-12
37.5	0.114189	-0.0791385	6.09619e-12
37.6	0.106547	-0.0737567	5.68001e-12
37.7	0.0994256	-0.0687186	5.29225e-12
37.8	0.092792	-0.0640039	4.93095e-12
37.9	0.0866146	-0.0595926	4.59432e-12
38	0.0808638	-0.0554661	4.28067e-12
38.1	0.0755123	-0.051606	3.98844e-12
38.2	0.0705342	-0.0479952	3.71615e-12
38.3	0.0659053	-0.0446173	3.46246e-12
38.4	0.0616033	-0.0414568	3.22608e-12
38.5	0.0576071	-0.0384989	3.00584e-12
38.6	0.0538971	-0.0357297	2.80064e-12
38.7	0.0504552	-0.0331362	2.60944e-12
38.8	0.0472643	-0.0307058	2.4313e-12
38.9	0.0443088	-0.028427	2.26532e-12
39	0.0415741	-0.0262887	2.11067e-12
39.1	0.0390467	-0.0242806	1.96657e-12
39.2	0.0367139	-0.0223927	1.83232e-12
39.3	0.0345643	-0.020616	1.70723e-12
39.4	0.0325872	-0.0189417	1.59068e-12
39.5	0.0307728	-0.0173615	1.48209e-12
39.6	0.029112	-0.0158677	1.38091e-12
39.7	0.0275966	-0.0144528	1.28663e-12
39.8	0.026219	-0.0131099	1.1988e-12
39.9	0.0249724	-0.0118323	1.11696e-12
40	0.0238505	-0.0106137	1.0407e-12
40.1	0.0228478	-0.00944799	9.69656e-13
40.2	0.0219593	-0.00832939	9.03459e-13
40.3	0.0211805	-0.00725234	8.41781e-13
40.4	0.0205076	-0.00621147	7.84314e-13
40.5	0.0199371	-0.00520159	7.3077e-13
40.6	0.0194663	-0.00421768	6.80881e-13
40.7	0.0190928	-0.00325481	6.34399e-13
40.8	0.0188148	-0.00230819	5.91089e-13
40.9	0.0186308	-0.00137309	5.50736e-13
41	0.0185399	-0.000444853	5.13138e-13
41.1	0.0185417	0.000481166	4.78107e-13
41.2	0.0186362	0.00140958	4.45467e-13
41.3	0.0188238	0.00234504	4.15056e-13
41.4	0.0191055	0.00329219	3.86721e-13
41.5	0.0194828	0.00425578	3.6032e-13
41.6	0.0199574	0.0052406	3.35721e-13
41.7	0.0205317	0.00625157	3.12802e-13
41.8	0.0212087	0.00729373	2.91448e-13
41.9	0.0219916	0.00837227	2.71551e-13
42	0.0228845	0.00949257	2.53012e-13
42.1	0.0238917	0.0106602	2.3574e-13
42.2	0.0250182	0.011881	2.19646e-13
42.3	0.0262698	0.0131609	2.04651e-13
42.4	0.0276526	0.0145065	1.9068e-13
42.5	0.0291734	0.0159242	1.77662e-13
42.6	0.03084	0.0174212	1.65534e-13
42.7	0.0326605	0.0190048	1.54233e-13
42.8	0.034644	0.0206829	1.43704e-13
42.9	0.0368004	0.0224637	1.33893e-13
43	0.0391404	0.024356	1.24753e-13
43.1	0.0416756	0.0263689	1.16236e-13
43.2	0.0444185	0.0285124	1.08301e-13
43.3	0.0473827	0.0307967	1.00907e-13
43.4	0.0505828	0.0332331	9.40183e-14
43.5	0.0540346	0.0358331	8.75998e-14
43.6	0.0577552	0.0386092	8.16195e-14
43.7	0.0617627	0.0415745	7.60474e-14
43.8	0.0660767	0.044743	7.08558e-14
43.9	0.0707184	0.0481294	6.60186e-14
44	0.0757103	0.0517494	6.15116e-14
44.1	0.0810765	0.0556192	5.73123e-14
44.2	0.0868428	0.0597562	5.33996e-14
44.3	0.093037	0.0641785	4.97541e-14
44.4	0.0996885	0.0689052	4.63575e-14
44.5	0.106829	0.0739558	4.31927e-14
44.6	0.114491	0.079351	4.0244e-14
44.7	0.122711	0.0851117	3.74966e-14
44.8	0.131526	0.0912596	3.49368e-14
44.9	0.140976	0.0978164	3.25517e-14
45	0.151103	0.104804	3.03294e-14
45.1	0.161952	0.112244	2.82589e-14
45.2	0.173568	0.120156	2.63297e-14
45.3	0.185999	0.12856	2.45322e-14
45.4	0.199296	0.137474	2.28574e-14
45.5	0.213511	0.146911	2.1297e-14
45.6	0.228696	0.156881	1.98431e-14
45.7	0.244905	0.167388	1.84884e-14
45.8	0.262191	0.178431	1.72262e-14
45.9	0.280608	0.189996	1.60502e-14
46	0.300207	0.202062	1.49545e-14
46.1	0.321036	0.21459	1.39336e-14
46.2	0.343138	0.227526	1.29823e-14
46.3	0.366552	0.240794	1.20961e-14
46.4	0.391305	0.254292	1.12703e-14
46.5	0.417414	0.267891	1.05009e-14
46.6	0.444881	0.281426	9.78399e-15
46.7	0.47369	0.294694	9.11605e-15
46.8	0.503803	0.307447	8.49371e-15
46.9	0.535153	0.319392	7.91386e-15
47	0.567644	0.330186	7.37359e-15
47.1	0.60114	0.339434	6.87021e-15
47.2	0.635465	0.346696	6.40119e-15
47.3	0.670397	0.351489	5.96419e-15
47.4	0.705664	0.353299	5.55702e-15
47.5	0.74094	0.351598	5.17765e-15
47.6	0.775849	0.345866	4.82418e-15
47.7	0.809962	0.335625	4.49484e-15
47.8	0.842808	0.320465	4.18798e-15
47.9	0.873879	0.30009	3.90208e-15
48	0.902645	0.274357	3.63569e-15
48.1	0.928569	0.243308	3.38748e-15
48.2	0.951132	0.207202	3.15623e-15
48.3	0.969851	0.166528	2.94075e-15
48.4	0.984302	0.122007	2.73999e-15
48.5	0.994146	0.0745647	2.55294e-15
48.6	0.999144	0.0252954	2.37865e-15
48.7	0.999174	-0.0246	2.21626e-15
48.8	0.994234	-0.0738827	2.06496e-15
48.9	0.984448	-0.121351	1.92399e-15
49	0.970052	-0.16591	1.79264e-15
49.1	0.951385	-0.206631	1.67026e-15
49.2	0.92887	-0.242792	1.55624e-15
49.3	0.902989	-0.273901	1.44999e-15
49.4	0.874262	-0.299698	1.351e-15
49.5	0.843225	-0.320136	1.25877e-15
49.6	0.810406	-0.335358	1.17284e-15
49.7	0.776315	-0.345659	1.09277e-15
49.8	0.741424	-0.351445	1.01817e-15
49.9	0.70616	-0.353195	9.4866e-16
50	0.670902	-0.351429	8.83896e-16
50.1	0.635974	-0.346674	8.23554e-16
50.2	0.60165	-0.339443	7.67331e-16
50.3	0.568152	-0.330219	7.14947e-16
50.4	0.535658	-0.319445	6.66138e-16
50.5	0.504302	-0.307514	6.20662e-16
50.6	0.474182	-0.294771	5.7829e-16
50.7	0.445365	-0.281509	5.38811e-16
50.8	0.417889	-0.267976	5.02027e-16
50.9	0.391772	-0.254376	4.67755e-16
51	0.367011	-0.240873	4.35822e-16
51.1	0.34359	-0.2276	4.06069e-16
51.2	0.32148	-0.214656	3.78347e-16
51.3	0.300645	-0.202118	3.52518e-16
51.4	0.281041	-0.190041	3.28452e-16
51.5	0.26262	-0.178463	3.06029e-16
51.6	0.24533	-0.167407	2.85137e-16
51.7	0.22912	-0.156885	2.65671e-16
51.8	0.213935	-0.1469	2.47534e-16
51.9	0.199722	-0.137447	2.30635e-16
52	0.186428	-0.128516	2.1489e-16
52.1	0.174001	-0.120094	2.0022e-16
52.2	0.162392	-0.112164	1.86551e-16
52.3	0.151553	-0.104705	1.73815e-16
52.4	0.141436	-0.0976971	1.61949e-16
52.5	0.131999	-0.0911194	1.50893e-16
52.6	0.123198	-0.0849497	1.40592e-16
52.7	0.114996	-0.0791661	1.30994e-16
52.8	0.107353	-0.073747	1.22051e-16
52.9	0.100235	-0.0686712	1.13719e-16
53	0.0936077	-0.063918	1.05956e-16
53.1	0.0874407	-0.0594678	9.87221e-17
53.2	0.0817045	-0.0553013	9.19825e-17
53.3	0.0763715	-0.0514004	8.5703e-17
53.4	0.071416	-0.0477475	7.98521e-17
53.5	0.0668141	-0.0443261	7.44008e-17
53.6	0.0625434	-0.0411205	6.93215e-17
53.7	0.0585832	-0.0381158	6.4589e-17
53.8	0.0549139	-0.0352978	6.01796e-17
53.9	0.0515177	-0.0326531	5.60713e-17
54	0.0483778	-0.0301692	5.22434e-17
54.1	0.0454788	-0.027834	4.86768e-17
54.2	0.0428063	-0.0256364	4.53537e-17
54.3	0.0403472	-0.0235656	4.22574e-17
54.4	0.0380893	-0.0216115	3.93726e-17
54.5	0.0360213	-0.0197645	3.66847e-17
54.6	0.034133	-0.0180157	3.41803e-17
54.7	0.0324151	-0.0163564	3.18468e-17
54.8	0.0308589	-0.0147783	2.96727e-17
54.9	0.0294569	-0.0132738	2.7647e-17
55	0.0282019	-0.0118353	2.57596e-17
55.1	0.0270878	-0.0104557	2.4001e-17
55.2	0.026109	-0.00912821	2.23625e-17
55.3	0.0252606	-0.00784618	2.08358e-17
55.4	0.0245384	-0.00660326	1.94134e-17
55.5	0.0239388	-0.00539325	1.80881e-17
55.6	0.0234588	-0.00421013	1.68532e-17
55.7	0.023096	-0.003048	1.57027e-17
55.8	0.0228486	-0.00190106	1.46307e-17
55.9	0.0227154	-0.000763614	1.36319e-17
56	0.0226958	0.000370026	1.27012e-17
56.1	0.0227895	0.00150551	1.18341e-17
56.2	0.0229971	0.0026485	1.10262e-17
56.3	0.0233196	0.00380469	1.02735e-17
56.4	0.0237586	0.00497984	9.57214e-18
56.5	0.0243163	0.00617982	8.91866e-18
56.6	0.0249955	0.0074106	8.3098e-18
56.7	0.0257996	0.00867831	7.7425e-18
56.8	0.0267326	0.00998925	7.21393e-18
56.9	0.0277991	0.0113499	6.72144e-18
57	0.0290044	0.0127671	6.26258e-18
57.1	0.0303545	0.0142479	5.83504e-18
57.2	0.0318563	0.0157995	5.43669e-18
57.3	0.033517	0.0174296	5.06554e-18
57.4	0.035345	0.0191463	4.71972e-18
57.5	0.0373494	0.0209581	4.39751e-18
57.6	0.03954	0.0228739	4.0973e-18
57.7	0.0419278	0.0249029	3.81758e-18
57.8	0.0445246	0.0270553	3.55696e-18
57.9	0.0473433	0.0293413	3.31413e-18
58	0.0503976	0.0317721	3.08788e-18
58.1	0.0537028	0.0343594	2.87708e-18
58.2	0.057275	0.0371156	2.68066e-18
58.3	0.0611319	0.0400537	2.49766e-18
58.4	0.0652922	0.0431877	2.32715e-18
58.5	0.0697763	0.0465322	2.16828e-18
58.6	0.074606	0.0501026	2.02025e-18
58.7	0.0798048	0.0539152	1.88233e-18
58.8	0.0853976	0.0579872	1.75383e-18
58.9	0.0914113	0.0623364	1.6341e-18
59	0.0978746	0.0669818	1.52254e-18
59.1	0.104818	0.0719429	1.4186e-18
59.2	0.112274	0.07724	1.32175e-18
59.3	0.120278	0.0828942	1.23152e-18
59.4	0.128865	0.0889269	1.14744e-18
59.5	0.138076	0.0953599	1.06911e-18
59.6	0.147951	0.102215	9.96122e-19
59.7	0.158534	0.109514	9.28118e-19
59.8	0.169869	0.117278	8.64757e-19
59.9	0.182005	0.125527	8.05721e-19
60	0.194991	0.134278	7.50716e-19
60.1	0.208878	0.143548	6.99466e-19
60.2	0.223718	0.153346	6.51714e-19
60.3	0.239565	0.163681	6.07222e-19
60.4	0.256472	0.174551	5.65768e-19
60.5	0.274492	0.185949	5.27144e-19
60.6	0.293678	0.197855	4.91157e-19
60.7	0.314079	0.210237	4.57626e-19
60.8	0.33574	0.223047	4.26385e-19
60.9	0.3587	0.236215	3.97276e-19
61	0.382992	0.249651	3.70154e-19
61.1	0.408635	0.263233	3.44885e-19
61.2	0.435638	0.27681	3.2134e-19
61.3	0.463991	0.290191	2.99402e-19
61.4	0.493663	0.303145	2.78963e-19
61.5	0.524597	0.315394	2.59918e-19
61.6	0.556708	0.326612	2.42174e-19
61.7	0.589873	0.336422	2.25641e-19
61.8	0.623931	0.344399	2.10237e-19
61.9	0.658676	0.350072	1.95884e-19
62	0.693853	0.352937	1.82512e-19
62.1	0.729153	0.352469	1.70052e-19
62.2	0.764218	0.348144	1.58443e-19
62.3	0.798636	0.339464	1.47626e-19
62.4	0.83195	0.325994	1.37548e-19
62.5	0.863662	0.307396	1.28158e-19
62.6	0.893249	0.283472	1.19408e-19
62.7	0.920174	0.254196	1.11257e-19
62.8	0.943911	0.219755	1.03661e-19
62.9	0.96396	0.180558	9.65844e-20
63	0.979878	0.137251	8.99908e-20
63.1	0.991293	0.0906923	8.38472e-20
63.2	0.997933	0.0419264	7.81231e-20
63.3	0.999634	-0.00787535	7.27897e-20
63.4	0.996354	-0.0574795	6.78205e-20
63.5	0.988176	-0.105664	6.31905e-20
63.6	0.975297	-0.151293	5.88765e-20
63.7	0.958027	-0.193375	5.48571e-20
63.8	0.936759	-0.231118	5.11121e-20
63.9	0.91196	-0.26395	4.76228e-20
64	0.884139	-0.291534	4.43716e-20
64.1	0.853828	-0.313755	4.13424e-20
64.2	0.821561	-0.330697	3.852e-20
64.3	0.787854	-0.342606	3.58903e-20
64.4	0.753194	-0.349856	3.34402e-20
64.5	0.718023	-0.352905	3.11572e-20
64.6	0.682736	-0.352261	2.90302e-20
64.7	0.647676	-0.348453	2.70483e-20
64.8	0.613133	-0.342	2.52018e-20
64.9	0.579348	-0.333396	2.34813e-20
65	0.546511	-0.323099	2.18783e-20
65.1	0.514771	-0.311518	2.03847e-20
65.2	0.484238	-0.299015	1.8993e-20
65.3	0.454988	-0.285898	1.76964e-20
65.4	0.42707	-0.272433	1.64883e-20
65.5	0.400506	-0.258835	1.53627e-20
65.6	0.375301	-0.245283	1.43139e-20
65.7	0.351443	-0.231918	1.33367e-20
65.8	0.328908	-0.218852	1.24262e-20
65.9	0.30766	-0.206167	1.15779e-20
66	0.287659	-0.193927	1.07875e-20
66.1	0.268858	-0.182173	1.0051e-20
66.2	0.251207	-0.170934	9.36487e-21
66.3	0.234653	-0.160226	8.72554e-21
66.4	0.219144	-0.150053	8.12986e-21
66.5	0.204624	-0.140414	7.57485e-21
66.6	0.191043	-0.1313	7.05772e-21
66.7	0.178347	-0.122699	6.5759e-21
66.8	0.166486	-0.114594	6.12697e-21
66.9	0.155412	-0.106967	5.7087e-21
67	0.145077	-0.0997965	5.31897e-21
67.1	0.135438	-0.0930622	4.95585e-21
67.2	0.126451	-0.0867421	4.61752e-21
67.3	0.118076	-0.080814	4.30229e-21
67.4	0.110275	-0.0752563	4.00858e-21
67.5	0.103013	-0.0700475	3.73492e-21
67.6	0.0962548	-0.0651666	3.47994e-21
67.7	0.0899692	-0.0605936	3.24237e-21
67.8	0.0841263	-0.0563089	3.02102e-21
67.9	0.0786983	-0.0522938	2.81478e-21
68	0.073659	-0.0485306	2.62262e-21
68.1	0.0689841	-0.0450022	2.44358e-21
68.2	0.0646511	-0.0416925	2.27676e-21
68.3	0.0606387	-0.0385861	2.12133e-21
68.4	0.0569275	-0.0356684	1.97651e-21
68.5	0.0534991	-0.0329257	1.84157e-21
68.6	0.0503368	-0.0303448	1.71585e-21
68.7	0.047425	-0.0279134	1.59871e-21
68.8	0.0447494	-0.0256198	1.48957e-21
68.9	0.0422968	-0.0234527	1.38788e-21
69	0.0400549	-0.0214018	1.29313e-21
69.1	0.0380128	-0.0194568	1.20485e-21
69.2	0.0361603	-0.0176083	1.1226e-21
69.3	0.0344881	-0.0158472	1.04596e-21
69.4	0.0329881	-0.0141648	9.74553e-22
69.5	0.0316528	-0.0125528	9.08022e-22
69.6	0.0304754	-0.0110033	8.46032e-22
69.7	0.0294502	-0.00950843	7.88275e-22
69.8	0.0285721	-0.0080609	7.3446e-22
69.9	0.0278366	-0.00665351	6.8432e-22
70	0.0272402	-0.00527924	6.37602e-22
70.1	0.0267799	-0.00393126	5.94074e-22
70.2	0.0264533	-0.00260286	5.53518e-22
70.3	0.0262588	-0.00128743	5.1573e-22
70.4	0.0261955	2.15775e-05	4.80522e-22
70.5	0.0262631	0.00133069	4.47717e-22
70.6	0.0264618	0.00264644	4.17152e-22
70.7	0.0267927	0.00397536	3.88674e-22
70.8	0.0272575	0.00532408	3.62139e-22
70.9	0.0278584	0.0066993	3.37417e-22
71	0.0285984	0.00810788	3.14382e-22
71.1	0.0294812	0.00955682	2.92919e-22
71.2	0.0305113	0.0110533	2.72922e-22
71.3	0.0316937	0.0126048	2.5429e-22
71.4	0.0330343	0.0142189	2.3693e-22
71.5	0.0345397	0.0159037	2.20755e-22
71.6	0.0362176	0.0176674	2.05685e-22
71.7	0.0380761	0.0195189	1.91643e-22
71.8	0.0401245	0.0214671	1.7856e-22
71.9	0.0423729	0.0235216	1.6637e-22
72	0.0448326	0.0256925	1.55012e-22
72.1	0.0475156	0.0279904	1.44429e-22
72.2	0.0504352	0.0304264	1.34569e-22
72.3	0.0536058	0.0330122	1.25383e-22
72.4	0.0570429	0.0357603	1.16823e-22
72.5	0.0607636	0.0386838	1.08847e-22
72.6	0.0647859	0.0417965	1.01417e-22
72.7	0.0691295	0.0451129	9.44931e-23
72.8	0.0738156	0.0486485	8.80422e-23
72.9	0.0788669	0.0524195	8.20316e-23
73	0.0843078	0.0564428	7.64315e-23
73.1	0.0901644	0.0607364	7.12136e-23
73.2	0.0964646	0.0653189	6.63519e-23
73.3	0.103238	0.0702098	6.18222e-23
73.4	0.110517	0.0754294	5.76017e-23
73.5	0.118336	0.0809985	5.36693e-23
73.6	0.126729	0.0869386	5.00054e-23
73.7	0.135736	0.0932715	4.65916e-23
73.8	0.145397	0.100019	4.34108e-23
73.9	0.155754	0.107203	4.04472e-23
74	0.166853	0.114846	3.7686e-23
74.1	0.178739	0.122966	3.51132e-23
74.2	0.191462	0.131583	3.27161e-23
74.3	0.205073	0.140713	3.04826e-23
74.4	0.219622	0.150369	2.84016e-23
74.5	0.235164	0.160558	2.64626e-23
74.6	0.251751	0.171283	2.46561e-23
74.7	0.269438	0.182538	2.29728e-23
74.8	0.288276	0.194307	2.14045e-23
74.9	0.308315	0.206562	1.99433e-23
75	0.329603	0.219259	1.85818e-23
75.1	0.35218	0.232336	1.73132e-23
75.2	0.37608	0.245708	1.61313e-23
75.3	0.401328	0.259263	1.503e-23
75.4	0.427934	0.272859	1.40039e-23
75.5	0.455895	0.286317	1.30479e-23
75.6	0.485186	0.299417	1.21571e-23
75.7	0.515758	0.311895	1.13272e-23
75.8	0.547534	0.32344	1.05539e-23
75.9	0.580403	0.333688	9.8334e-24
76	0.614215	0.342229	9.16209e-24
76.1	0.648777	0.348604	8.5366e-24
76.2	0.683848	0.352318	7.95382e-24
76.3	0.719135	0.35285	7.41083e-24
76.4	0.754295	0.349673	6.9049e-24
76.5	0.788929	0.34228	6.43351e-24
76.6	0.822594	0.330214	5.99431e-24
76.7	0.854802	0.313107	5.58508e-24
76.8	0.885037	0.290715	5.2038e-24
76.9	0.912763	0.262962	4.84854e-24
77	0.93745	0.22997	4.51754e-24
77.1	0.958588	0.192085	4.20913e-24
77.2	0.975716	0.149886	3.92178e-24
77.3	0.98844	0.104173	3.65405e-24
77.4	0.996457	0.0559405	3.40459e-24
77.5	0.999572	0.00633051	3.17216e-24
77.6	0.997708	-0.0434349	2.9556e-24
77.7	0.990911	-0.0921238	2.75383e-24
77.8	0.979348	-0.138569	2.56583e-24
77.9	0.963297	-0.181733	2.39066e-24
78	0.943131	-0.220764	2.22746e-24
78.1	0.919297	-0.255026	2.07539e-24
78.2	0.892293	-0.284116	1.93371e-24
78.3	0.862647	-0.307857	1.8017e-24
78.4	0.830895	-0.326279	1.6787e-24
78.5	0.79756	-0.339585	1.56409e-24
78.6	0.763136	-0.348117	1.45732e-24
78.7	0.72808	-0.352313	1.35783e-24
78.8	0.692801	-0.35267	1.26513e-24
78.9	0.657656	-0.349712	1.17876e-24
79	0.622952	-0.343963	1.09829e-24
79.1	0.58894	-0.335927	1.02331e-24
79.2	0.555827	-0.326071	9.53451e-25
79.3	0.523773	-0.31482	8.8836e-25
79.4	0.492897	-0.302548	8.27713e-25
79.5	0.463286	-0.289579	7.71206e-25
79.6	0.434996	-0.27619	7.18557e-25
79.7	0.408055	-0.26261	6.69502e-25
79.8	0.382474	-0.249029	6.23796e-25
79.9	0.358244	-0.235597	5.8121e-25
80	0.335345	-0.222434	5.41532e-25
80.1	0.313745	-0.209631	5.04562e-25
80.2	0.293404	-0.197255	4.70117e-25
80.3	0.274278	-0.185354	4.38022e-25
80.4	0.256316	-0.173962	4.08119e-25
80.5	0.239468	-0.163095	3.80258e-25
80.6	0.223679	-0.152762	3.54298e-25
80.7	0.208897	-0.142963	3.30111e-25
80.8	0.195069	-0.133692	3.07574e-25
80.9	0.182141	-0.124936	2.86577e-25
81	0.170064	-0.11668	2.67012e-25
81.1	0.158789	-0.108907	2.48784e-25
81.2	0.148267	-0.101595	2.318e-25
81.3	0.138455	-0.0947246	2.15975e-25
81.4	0.129308	-0.088273	2.01231e-25
81.5	0.120787	-0.0822186	1.87493e-25
81.6	0.112852	-0.0765393	1.74693e-25
81.7	0.105467	-0.0712136	1.62767e-25
81.8	0.0985977	-0.0662202	1.51655e-25
81.9	0.0922122	-0.0615386	1.41302e-25
82	0.0862801	-0.0571492	1.31655e-25
82.1	0.0807731	-0.0530328	1.22668e-25
82.2	0.0756649	-0.0491712	1.14293e-25
82.3	0.0709308	-0.0455472	1.06491e-25
82.4	0.0665479	-0.042144	9.92206e-26
82.5	0.062495	-0.0389461	9.2447e-26
82.6	0.0587522	-0.0359384	8.61358e-26
82.7	0.0553013	-0.0331067	8.02554e-26
82.8	0.0521253	-0.0304377	7.47765e-26
82.9	0.0492087	-0.0279183	6.96716e-26
83	0.046537	-0.0255366	6.49152e-26
83.1	0.0440971	-0.023281	6.04835e-26
83.2	0.0418769	-0.0211404	5.63544e-26
83.3	0.0398654	-0.0191045	5.25072e-26
83.4	0.0380527	-0.0171633	4.89226e-26
83.5	0.0364298	-0.0153071	4.55827e-26
83.6	0.0349887	-0.0135269	4.24708e-26
83.7	0.0337221	-0.0118139	3.95714e-26
83.8	0.0326239	-0.0101596	3.68699e-26
83.9	0.0316885	-0.00855576	3.43529e-26
84	0.0309112	-0.00699447	3.20077e-26
84.1	0.0302883	-0.00546797	2.98225e-26
84.2	0.0298167	-0.00396867	2.77866e-26
84.3	0.0294939	-0.00248913	2.58896e-26
84.4	0.0293184	-0.00102197	2.41222e-26
84.5	0.0292893	0.000440101	2.24754e-26
84.6	0.0294064	0.00190436	2.0941e-26
84.7	0.0296704	0.00337809	1.95114e-26
84.8	0.0300825	0.00486862	1.81794e-26
84.9	0.0306449	0.00638337	1.69383e-26
85	0.0313602	0.00792987	1.5782e-26
85.1	0.0322321	0.0095158	1.47046e-26
85.2	0.0332649	0.011149	1.37007e-26
85.3	0.0344637	0.0128376	1.27654e-26
85.4	0.0358344	0.01459	1.18939e-26
85.5	0.037384	0.0164148	1.10819e-26
85.6	0.03912	0.018321	1.03254e-26
85.7	0.0410512	0.020318	9.62047e-27
85.8	0.0431869	0.0224156	8.9637e-27
85.9	0.0455379	0.024624	8.35176e-27
86	0.0481157	0.0269541	7.7816e-27
86.1	0.050933	0.0294171	7.25036e-27
86.2	0.0540038	0.032025	6.75539e-27
86.3	0.0573432	0.0347902	6.29421e-27
86.4	0.0609675	0.037726	5.86451e-27
86.5	0.0648944	0.0408463	5.46415e-27
86.6	0.0691432	0.0441658	5.09112e-27
86.7	0.0737346	0.0476997	4.74355e-27
86.8	0.0786907	0.0514645	4.41972e-27
86.9	0.0840356	0.0554771	4.11799e-27
87	0.0897948	0.0597553	3.83686e-27
87.1	0.095996	0.064318	3.57492e-27
87.2	0.102668	0.0691845	3.33087e-27
87.3	0.109844	0.0743751	3.10348e-27
87.4	0.117555	0.0799107	2.89161e-27
87.5	0.125838	0.0858128	2.6942e-27
87.6	0.13473	0.0921031	2.51027e-27
87.7	0.144272	0.0988038	2.3389e-27
87.8	0.154505	0.105937	2.17922e-27
87.9	0.165474	0.113523	2.03045e-27
88	0.177225	0.121584	1.89184e-27
88.1	0.189807	0.130138	1.76268e-27
88.2	0.20327	0.139202	1.64235e-27
88.3	0.217665	0.148789	1.53023e-27
88.4	0.233045	0.158908	1.42576e-27
88.5	0.249464	0.169562	1.32843e-27
88.6	0.266975	0.180746	1.23774e-27
88.7	0.28563	0.192447	1.15324e-27
88.8	0.30548	0.204637	1.07451e-27
88.9	0.326572	0.217276	1.00115e-27
89	0.348948	0.230305	9.32805e-28
89.1	0.372643	0.243641	8.69124e-28
89.2	0.397683	0.257179	8.0979e-28
89.3	0.424081	0.270778	7.54507e-28
89.4	0.451835	0.284268	7.02998e-28
89.5	0.480924	0.297434	6.55005e-28
89.6	0.511303	0.310019	6.10289e-28
89.7	0.542899	0.321719	5.68625e-28
89.8	0.575606	0.332178	5.29806e-28
89.9	0.60928	0.340993	4.93637e-28
90	0.643735	0.347711	4.59937e-28
90.1	0.678737	0.351843	4.28538e-28
90.2	0.714001	0.35287	3.99282e-28
90.3	0.74919	0.350266	3.72024e-28
90.4	0.783916	0.343518	3.46626e-28
90.5	0.817739	0.332162	3.22963e-28
90.6	0.85018	0.315813	3.00914e-28
90.7	0.880724	0.294208	2.80371e-28
90.8	0.90884	0.267244	2.61231e-28
90.9	0.933993	0.235013	2.43397e-28
91	0.955671	0.197827	2.26781e-28
91.1	0.973404	0.156229	2.11299e-28
91.2	0.986787	0.11099	1.96874e-28
91.3	0.995504	0.0630777	1.83433e-28
91.4	0.999341	0.0136152	1.70911e-28
91.5	0.998205	-0.0361836	1.59243e-28
91.6	0.992124	-0.0850843	1.48371e-28
91.7	0.981248	-0.131906	1.38242e-28
91.8	0.965839	-0.175591	1.28805e-28
91.9	0.946256	-0.215256	1.20011e-28
92	0.922937	-0.250233	1.11818e-28
92.1	0.896374	-0.280086	1.04185e-28
92.2	0.867093	-0.304604	9.70722e-29
92.3	0.835628	-0.32379	9.04452e-29
92.4	0.802504	-0.337824	8.42706e-29
92.5	0.768222	-0.347028	7.85176e-29
92.6	0.733244	-0.351829	7.31573e-29
92.7	0.697986	-0.352717	6.8163e-29
92.8	0.662814	-0.350213	6.35096e-29
92.9	0.628039	-0.344844	5.91739e-29
93	0.593924	-0.337116	5.51342e-29
93.1	0.560679	-0.327502	5.13702e-29
93.2	0.528472	-0.316433	4.78632e-29
93.3	0.497429	-0.304291	4.45957e-29
93.4	0.467639	-0.291408	4.15512e-29
93.5	0.439162	-0.278066	3.87146e-29
93.6	0.412033	-0.264502	3.60716e-29
93.7	0.386263	-0.25091	3.3609e-29
93.8	0.361846	-0.237448	3.13146e-29
93.9	0.338765	-0.224237	2.91768e-29
94	0.316987	-0.211373	2.71849e-29
94.1	0.296476	-0.198928	2.5329e-29
94.2	0.277186	-0.186951	2.35999e-29
94.3	0.259069	-0.175477	2.19887e-29
94.4	0.242073	-0.164526	2.04876e-29
94.5	0.226145	-0.154108	1.90889e-29
94.6	0.211233	-0.144224	1.77858e-29
94.7	0.197283	-0.134867	1.65716e-29
94.8	0.184242	-0.126026	1.54402e-29
94.9	0.17206	-0.117687	1.43862e-29
95	0.160688	-0.109832	1.3404e-29
95.1	0.150078	-0.102441	1.2489e-29
95.2	0.140185	-0.0954933	1.16364e-29
95.3	0.130965	-0.0889664	1.0842e-29
95.4	0.122378	-0.0828385	1.01018e-29
95.5	0.114385	-0.0770876	9.41216e-30
95.6	0.106948	-0.071692	8.7696e-30
95.7	0.100035	-0.0666303	8.17092e-30
95.8	0.0936116	-0.0618818	7.6131e-30
95.9	0.0876485	-0.0574265	7.09336e-30
96	0.082117	-0.0532452	6.60911e-30
96.1	0.0769907	-0.0493194	6.15792e-30
96.2	0.072245	-0.0456316	5.73752e-30
96.3	0.0678569	-0.0421648	5.34583e-30
96.4	0.0638051	-0.0389031	4.98088e-30
96.5	0.0600698	-0.0358312	4.64084e-30
96.6	0.0566329	-0.0329347	4.32402e-30
96.7	0.0534774	-0.0301997	4.02882e-30
96.8	0.0505879	-0.0276132	3.75378e-30
96.9	0.0479501	-0.0251627	3.49752e-30
97	0.0455511	-0.0228363	3.25875e-30
97.1	0.043379	-0.0206227	3.03628e-30
97.2	0.041423	-0.0185112	2.82899e-30
97.3	0.0396736	-0.0164912	2.63586e-30
97.4	0.038122	-0.014553	2.45592e-30
97.5	0.0367605	-0.012687	2.28825e-30
97.6	0.0355824	-0.0108838	2.13204e-30
97.7	0.0345819	-0.00913477	1.98649e-30
97.8	0.0337539	-0.00743106	1.85087e-30
97.9	0.0330944	-0.00576427	1.72452e-30
98	0.0326	-0.00412613	1.60679e-30
98.1	0.0322684	-0.00250849	1.49709e-30
98.2	0.0320978	-0.000903335	1.39489e-30
98.3	0.0320875	0.000697331	1.29966e-30
98.4	0.0322373	0.00230146	1.21093e-30
98.5	0.0325481	0.00391703	1.12827e-30
98.6	0.0330213	0.00555206	1.05124e-30
98.7	0.0336594	0.00721467	9.79474e-31
98.8	0.0344654	0.00891313	9.12607e-31
98.9	0.0354434	0.0106558	8.50305e-31
99	0.0365982	0.0124515	7.92255e-31
99.1	0.0379357	0.0143089	7.38169e-31
99.2	0.0394623	0.0162372	6.87776e-31
99.3	0.0411857	0.018246	6.40822e-31
99.4	0.0431144	0.0203451	5.97074e-31
99.5	0.045258	0.0225449	5.56313e-31
99.6	0.047627	0.024856	5.18334e-31
99.7	0.0502332	0.0272898	4.82948e-31
99.8	0.0530894	0.0298579	4.49978e-31
99.9	0.0562096	0.0325729	4.19259e-31
100	0.0596092	0.0354478	3.90636e-31
